0001000010000000
0010100011000110
0001000010000001
0010100011000101
0010100011000011
0010100011000100
0001000100000010
0010100011000111
0001000010000011
0010100011001000
0001000010000100
0010100011001001
0010000001001001
0010000011000110
0111000000000001
1111100000011010
0010000011000101
0111000000000001
1111100000100100
0010000011000111
0111000000000001
1111100000101110
0010000011001000
0111000000000001
1111100000111000
0111100001000010
0010000001000011
0010000011000100
0010000101001010
0010000111001011
0101000010001000
0101100011001000
0010100111001011
0010100101001010
0010100111000100
0010100101000011
0010000001000011
0010000011000100
0010000101001010
0010000111001011
0101000010001000
0101100011001000
0010100111001011
0010100101001010
0010100111000100
0010100101000011
0010000001000011
0010000011000100
0010000101001010
0010000111001011
0101100010001000
0101000011001000
0010100111001011
0010100101001010
0010100111000100
0010100101000011
0010000001000011
0010000011000100
0010000101001010
0010000111001011
0101100010001000
0101000011001000
0010100111001011
0010100101001010
0010100111000100
0010100101000011
1101000000000000